jqdjqye
-2-
0.25,50 0.25,50 0.25,50 0.25,50 0.25,50 0.25,50 0.25,50 0.25,50 0.25,50 0.25,50 0.25,50 0.25,50 0.25,50 0.25,50 0.25,50 0.25,50 0.25,50 0.25,50 0.25,50 0.25,50 0.25,50 0.25,50 0.25,50 0.25,50 0.25,50 0.25,50 0.25,50 0.25,50 0.25,50 0.25,50 0.25,50 0.25,50 0.25,50 0.25,50 0.25,50 0.25,50 0.25,50 0.25,50 0.25,50 0.25,50 0.25,50 0.25,50 0.25,50 0.25,50 0.25,50 0.25,50 0.25,50 0.25,50 0.25,50 0.25,50 
-3-
0.25,50 0.25,50 0.25,50 0.25,50 0.25,50 0.25,50 0.25,50 0.25,50 0.25,50 0.25,50 0.25,50 0.25,50 0.25,50 0.25,50 0.25,50 0.25,50 0.25,50 0.25,50 0.25,50 0.25,50 0.25,50 0.25,50 0.25,50 0.25,50 0.25,50 0.25,50 0.25,50 0.25,50 0.25,50 0.25,50 
-4-
0.25,50 0.25,50 0.25,50 0.25,50 0.25,50 0.25,50 0.25,50 0.25,50 0.25,50 0.25,50 0.25,50 0.25,50 0.25,50 0.25,50 0.25,50 0.25,50 0.25,50 0.25,50 0.25,50 0.25,50 0.25,50 0.25,55 
-5-
0.25,50 0.25,50 0.25,50 0.25,50 0.25,50 0.25,50 0.25,50 0.25,50 0.25,50 0.25,50 0.25,50 0.25,50 0.25,50 0.25,50 0.25,50 0.25,50 0.25,50 0.25,50 0.25,55 0.25,50 0.25,50 0.25,50 0.25,50 
-6-
0.25,50 0.25,50 0.25,50 0.25,50 0.25,50 0.25,50 0.25,50 0.25,50 0.25,50 0.25,50 0.25,50 0.25,50 0.25,50 0.25,50 0.25,50 0.25,50 0.25,50 0.25,50 0.25,50 0.25,50 0.25,50 0.25,50 