0.25 50.0
0.25 50.0
0.25 50.0
0.25555555555555554 50.27777777777778
0.25 50.0
0.2595238095238095 50.23809523809524
0.255 50.0
0.25416666666666665 50.0
0.25 50.21739130434783
0.2537037037037037 51.2962962962963
0.26111111111111107 51.111111111111114
0.26739130434782604 50.43478260869565
0.258695652173913 50.65217391304348
0.2899999999999999 50.4
0.28478260869565214 50.21739130434783
0.3076923076923076 50.57692307692308
0.2961538461538461 51.34615384615385
0.3139999999999999 50.8
0.309090909090909 50.90909090909091
0.32916666666666655 51.041666666666664
0.32619047619047614 50.23809523809524
