0.2475 49.5
0.24509803921568626 49.01960784313726
0.2413793103448276 48.275862068965516
0.24166666666666664 47.22222222222222
0.23529411764705882 47.05882352941177
0.24285714285714283 47.857142857142854
0.2425 47.5
0.24375 47.916666666666664
0.2391304347826087 48.04347826086956
0.24444444444444444 49.074074074074076
0.24814814814814812 49.25925925925926
0.25652173913043474 48.26086956521739
0.2478260869565217 48.47826086956522
0.27599999999999997 48.4
0.2695652173913043 48.04347826086956
0.2942307692307692 48.65384615384615
0.28269230769230763 49.42307692307692
0.2999999999999999 48.8
0.2977272727272727 48.63636363636363
0.31458333333333327 48.958333333333336
0.3095238095238095 47.857142857142854
