0.25 50.0
0.25 50.0
0.25 50.0
0.25 50.25
0.25 50.588235294117645
0.25 50.5
0.255 50.25
0.25909090909090904 51.36363636363637
0.25 50.714285714285715
0.26785714285714285 51.07142857142857
0.2772727272727273 50.0
0.2772727272727273 50.22727272727273
0.27 51.0
0.26739130434782604 50.65217391304348
0.2833333333333333 50.370370370370374
0.3071428571428571 50.714285714285715
0.29 51.25
0.3384615384615384 51.53846153846154
0.35454545454545444 52.04545454545455
0.3543478260869565 51.52173913043478
0.36999999999999994 52.25
0.37857142857142856 51.42857142857143
0.3874999999999999 52.708333333333336
0.407142857142857 51.607142857142854
0.41399999999999987 53.4
0.43399999999999994 52.6
0.43 54.75
0.43499999999999994 53.5
0.4318181818181817 53.86363636363637
0.4456521739130434 54.56521739130435
0.4366666666666665 55.166666666666664
0.44999999999999996 54.375
