0.25 50.0
0.25 50.0
0.25 50.45454545454545
0.25 50.0
0.258695652173913 50.0
0.2552631578947368 50.526315789473685
0.2642857142857143 50.0
0.25833333333333336 50.833333333333336
0.2552631578947368 51.05263157894737
0.27799999999999997 51.8
0.29999999999999993 51.041666666666664
0.31428571428571417 51.785714285714285
0.3076923076923076 52.5
0.3092592592592592 52.22222222222222
0.3339999999999999 51.8
0.3409090909090908 52.5
0.3833333333333333 52.61904761904762
0.3708333333333333 53.541666666666664
0.3775862068965516 53.10344827586207
0.37399999999999983 53.6
0.3884615384615383 54.03846153846154
0.38333333333333314 54.44444444444444
0.40714285714285703 53.035714285714285
0.38499999999999995 54.25
0.41363636363636347 54.09090909090909
0.44999999999999996 53.6
0.446153846153846 53.26923076923077
0.47608695652173916 53.26086956521739
0.47857142857142854 53.095238095238095
0.4954545454545455 52.95454545454545
0.4818181818181817 54.31818181818182
0.5269230769230769 52.30769230769231
0.5346153846153846 51.92307692307692
0.5357142857142858 53.392857142857146
0.538888888888889 52.77777777777778
0.5452380952380952 53.80952380952381
0.5727272727272729 53.18181818181818
0.5916666666666668 52.708333333333336
0.6300000000000001 53.0
0.6357142857142858 52.67857142857143
0.6500000000000001 51.5
0.6300000000000002 52.0
0.6425925925925926 52.22222222222222
0.6642857142857144 51.07142857142857
0.6772727272727274 52.04545454545455
0.6586956521739132 50.43478260869565
0.6615384615384616 51.34615384615385
0.6653846153846155 51.15384615384615
0.6666666666666669 50.625
0.6818181818181819 50.68181818181818
