
-2-
0.25,50 0.25,50 0.25,50 0.25,50 0.25,50 0.25,50 0.25,50 0.25,50 0.25,50 0.25,50 0.25,50 0.25,50 0.25,50 0.25,50 0.25,50 
-3-
0.25,50 0.25,50 0.25,50 0.25,50 0.25,50 0.25,50 0.25,50 0.25,50 0.25,50 0.25,50 0.25,50 0.25,50 0.25,50 0.25,50 0.25,50 0.25,50 0.25,50 
-4-
0.25,50 0.25,50 0.25,50 0.25,50 0.25,50 0.25,50 0.25,50 0.25,50 0.25,50 0.25,50 0.25,50 0.25,50 0.25,50 0.25,50 0.25,50 0.35,50 0.25,50 
-5-
0.25,50 0.25,50 0.25,50 0.25,50 0.25,50 0.25,50 0.25,50 0.25,50 0.25,50 0.25,50 0.25,50 0.25,50 0.25,50 0.25,50 0.25,50 0.25,50 0.25,50 0.25,50 0.25,50 0.25,50 
-6-
0.25,50 0.25,50 0.25,50 0.25,50 0.25,50 0.25,50 0.25,50 0.25,50 0.25,50 0.25,55 0.25,50 0.25,50 0.25,50 0.25,50 0.25,50 0.25,50 0.35,50 0.25,50 0.25,50 0.25,50 
-7-
0.25,50 0.25,50 0.25,50 0.25,50 0.25,50 0.25,50 0.25,50 0.25,50 0.25,55 0.25,50 0.25,50 0.25,50 0.25,50 0.25,50 0.25,55 0.25,50 0.25,50 0.25,50 0.25,50 0.25,50 0.25,55 
-8-
0.25,50 0.25,50 0.25,50 0.25,50 0.25,50 0.25,50 0.25,55 0.25,50 0.25,50 0.25,55 0.25,50 0.25,50 0.25,50 0.25,50 0.25,55 0.25,50 0.25,55 0.25,55 0.25,50 0.25,50 
-9-
0.25,50 0.25,50 0.25,50 0.25,50 0.25,50 0.25,55 0.25,50 0.25,50 0.25,50 0.25,50 0.25,50 0.25,50 0.25,50 0.25,50 0.25,50 0.25,55 0.25,50 0.25,50 0.25,50 0.25,55 0.25,50 0.35,50 0.25,50 0.25,60 
-10-
0.25,50 0.25,50 0.25,50 0.25,55 0.25,50 0.25,55 0.25,50 0.25,50 0.25,50 0.25,50 0.25,50 0.25,50 0.35,50 0.25,55 0.25,55 0.25,50 0.25,50 0.25,50 0.35,50 0.25,50 0.25,50 0.25,50 
-11-
0.25,50 0.25,50 0.25,55 0.25,50 0.25,50 0.25,50 0.25,50 0.25,50 0.25,55 0.25,50 0.25,55 0.25,50 0.25,50 0.25,55 0.25,50 0.35,55 0.25,50 0.25,55 0.25,50 0.25,50 0.25,50 0.25,50 
-12-
0.25,50 0.25,55 0.25,50 0.25,50 0.25,50 0.25,50 0.25,50 0.25,50 0.25,50 0.25,50 0.25,50 0.35,55 0.25,50 0.25,50 0.25,55 0.35,55 0.25,50 0.25,50 0.25,50 0.35,55 
-13-
0.25,50 0.25,50 0.25,50 0.25,50 0.25,50 0.25,50 0.25,50 0.25,50 0.25,50 0.25,50 0.25,50 0.25,50 0.25,50 0.25,55 0.25,55 0.25,50 0.25,50 0.25,50 0.25,50 
-14-
0.25,50 0.25,50 0.25,50 0.25,50 0.25,50 0.25,50 0.25,50 0.25,50 0.35,55 0.25,50 0.25,50 0.25,50 0.35,50 0.25,50 0.25,50 0.25,50 0.25,50 0.25,50 0.25,50 0.35,50 0.25,50 0.35,55 0.25,50 0.35,50 0.25,50 
-15-
0.25,50 0.25,50 0.25,50 0.25,50 0.25,50 0.35,55 0.25,50 0.25,50 0.25,50 0.25,50 0.25,50 0.25,50 0.25,50 0.25,50 0.25,50 0.25,50 0.44999999999999996,55 0.25,50 
-15-18-90-
