
-2-
0.25,50 0.25,50 0.25,50 0.25,50 0.25,50 0.25,50 0.25,50 0.25,50 0.25,50 0.25,50 0.25,50 0.25,50 0.25,50 0.25,50 0.25,50 0.25,50 0.25,50 0.25,50 0.25,50 0.25,50 0.25,50 0.25,50 0.25,50 0.25,50 0.25,50 0.25,50 0.25,50 0.25,50 0.25,50 0.25,50 0.25,50 0.25,50 0.25,50 0.25,50 0.25,50 0.25,50 0.25,50 0.25,50 0.25,50 0.25,50 0.25,50 0.25,50 0.25,50 0.25,50 0.25,50 0.25,50 0.25,50 0.25,50 0.25,50 0.25,50 
-3-
0.25,50 0.25,50 0.25,50 0.25,50 0.25,50 0.25,50 0.25,50 0.25,50 0.25,50 0.25,50 0.25,50 0.25,50 0.25,50 0.25,50 0.25,50 0.25,50 0.25,50 0.25,50 0.25,50 0.25,50 0.25,50 0.25,50 0.25,50 0.25,50 0.25,50 0.25,50 0.25,50 0.25,50 0.25,50 0.25,50 
-4-
0.25,50 0.25,50 0.25,50 0.25,50 0.25,50 0.25,50 0.25,50 0.25,50 0.25,50 0.25,50 0.25,50 0.25,50 0.25,50 0.25,50 0.25,50 0.25,50 0.25,50 0.25,50 0.25,55 0.25,50 0.25,50 0.25,55 
-5-
0.25,50 0.25,50 0.25,50 0.25,50 0.25,50 0.25,50 0.25,50 0.25,50 0.25,50 0.25,50 0.25,50 0.25,50 0.25,50 0.25,50 0.25,50 0.25,50 0.25,50 0.25,50 0.25,50 0.25,50 0.25,50 
-6-
0.25,50 0.25,50 0.25,50 0.25,50 0.25,50 0.25,50 0.25,50 0.25,50 0.25,50 0.25,50 0.25,50 0.25,50 0.25,50 0.25,50 0.25,50 0.35,50 0.25,50 0.25,50 0.25,50 0.25,50 0.25,50 0.25,50 0.35,50 
-7-
0.25,50 0.25,50 0.25,50 0.25,50 0.25,50 0.25,50 0.25,50 0.25,50 0.25,50 0.25,50 0.25,55 0.35,50 0.25,50 0.25,50 0.25,50 0.25,50 0.25,50 0.25,55 0.25,50 
-8-
0.25,50 0.25,50 0.25,50 0.25,50 0.25,50 0.25,50 0.25,50 0.25,50 0.25,50 0.25,50 0.25,50 0.25,50 0.25,50 0.25,50 0.35,50 0.25,50 0.25,50 0.25,50 0.25,50 0.25,50 0.44999999999999996,50 
-9-
0.25,50 0.25,50 0.25,50 0.25,50 0.25,50 0.25,50 0.25,50 0.25,55 0.25,50 0.35,50 0.25,50 0.25,50 0.25,55 0.25,50 0.35,50 0.25,55 0.25,50 0.25,50 0.25,50 0.25,50 0.25,50 0.25,50 0.25,50 0.25,55 
-10-
0.25,50 0.25,50 0.25,50 0.25,50 0.25,50 0.25,50 0.25,50 0.25,50 0.25,55 0.25,50 0.25,55 0.25,50 0.25,50 0.35,50 0.25,55 0.25,50 0.25,50 0.25,50 0.25,55 
-11-
0.25,50 0.25,50 0.25,50 0.25,50 0.25,50 0.35,50 0.35,50 0.25,55 0.35,50 0.25,55 0.25,50 0.25,55 0.35,50 0.35,55 0.25,50 0.25,50 0.25,55 0.25,50 0.25,50 0.35,50 0.25,55 0.25,55 0.25,55 0.35,55 0.25,50 
-12-
0.25,50 0.25,50 0.25,50 0.35,50 0.35,50 0.25,55 0.35,50 0.25,55 0.25,55 0.35,55 0.25,50 0.25,50 0.35,50 0.25,50 0.35,50 0.35,50 0.25,50 0.25,50 0.25,55 0.35,50 0.35,50 0.25,50 0.44999999999999996,50 0.35,50 
-13-
0.25,50 0.25,50 0.25,55 0.35,50 0.35,50 0.25,55 0.35,50 0.25,50 0.35,55 0.25,50 0.35,50 0.25,50 0.35,50 0.35,50 0.35,50 0.35,50 0.25,55 0.35,55 0.25,50 0.35,55 0.25,50 0.25,60 0.35,55 0.35,50 0.35,50 0.44999999999999996,50 0.35,50 0.35,55 
-14-
0.25,50 0.25,55 0.35,50 0.35,50 0.25,55 0.35,50 0.35,55 0.25,50 0.25,50 0.35,50 0.35,50 0.35,50 0.25,55 0.35,55 0.25,50 0.35,50 0.25,55 0.35,55 0.35,50 0.25,55 0.25,55 0.44999999999999996,50 0.35,55 0.35,50 0.25,55 0.25,60 
-15-
0.25,50 0.25,55 0.35,50 0.35,50 0.35,55 0.35,50 0.25,50 0.25,50 0.25,55 0.35,55 0.25,55 0.35,55 0.25,55 0.35,50 0.25,50 0.35,50 0.44999999999999996,50 0.25,50 0.35,50 0.35,55 0.25,50 0.35,55 0.25,60 0.25,55 0.35,50 0.44999999999999996,50 0.25,50 
-16-
0.25,50 0.35,50 0.35,50 0.35,55 0.35,50 0.35,50 0.35,55 0.25,55 0.35,55 0.35,50 0.25,50 0.44999999999999996,50 0.25,50 0.35,55 0.35,50 0.35,50 0.35,55 0.25,50 0.44999999999999996,55 0.25,50 0.35,55 0.35,55 0.44999999999999996,50 0.35,50 0.25,50 
-17-
0.25,50 0.35,50 0.35,50 0.25,55 0.35,55 0.35,55 0.35,50 0.44999999999999996,50 0.35,50 0.35,55 0.35,50 0.35,55 0.25,50 0.35,50 0.35,50 0.35,55 0.35,55 0.35,50 0.35,60 0.35,50 0.35,55 0.35,55 
-18-
0.35,50 0.35,55 0.35,55 0.35,55 0.35,50 0.44999999999999996,50 0.35,55 0.35,55 0.44999999999999996,50 0.35,55 0.35,55 0.35,55 0.35,55 0.44999999999999996,50 0.44999999999999996,55 0.35,50 0.35,50 0.35,50 0.5499999999999999,50 0.35,55 0.44999999999999996,50 
-19-
0.35,50 0.35,50 0.35,55 0.35,55 0.35,50 0.35,55 0.35,55 0.44999999999999996,50 0.35,50 0.35,55 0.35,55 0.35,55 0.44999999999999996,55 0.35,55 0.35,55 0.35,55 0.35,55 0.35,50 0.44999999999999996,55 0.35,55 0.44999999999999996,50 0.35,55 0.44999999999999996,55 0.35,55 
-20-
0.35,50 0.35,50 0.35,50 0.35,50 0.35,55 0.44999999999999996,50 0.35,50 0.35,55 0.44999999999999996,50 0.44999999999999996,55 0.35,55 0.35,55 0.35,55 0.44999999999999996,55 0.35,50 0.35,50 0.35,55 0.35,55 0.35,60 0.35,55 0.44999999999999996,50 0.35,50 0.35,50 0.44999999999999996,55 0.35,55 0.5499999999999999,55 0.35,55 0.35,55 0.35,55 
-21-
0.35,50 0.35,50 0.35,50 0.44999999999999996,50 0.35,50 0.35,55 0.44999999999999996,55 0.35,55 0.35,55 0.35,55 0.35,50 0.35,55 0.35,55 0.35,60 0.35,55 0.44999999999999996,50 0.35,55 0.35,55 0.35,50 0.35,60 0.44999999999999996,50 0.44999999999999996,55 0.35,55 0.44999999999999996,55 0.35,55 
-22-
0.35,55 0.35,55 0.44999999999999996,50 0.44999999999999996,50 0.44999999999999996,55 0.35,55 0.35,55 0.44999999999999996,55 0.35,50 0.35,55 0.35,60 0.35,50 0.44999999999999996,55 0.35,55 0.35,55 0.35,55 0.44999999999999996,50 0.35,55 0.44999999999999996,60 0.35,60 0.44999999999999996,55 0.44999999999999996,55 0.35,50 0.35,50 0.35,55 0.44999999999999996,50 
-23-
0.35,50 0.35,55 0.35,50 0.44999999999999996,50 0.44999999999999996,55 0.35,55 0.35,55 0.44999999999999996,55 0.35,55 0.35,50 0.44999999999999996,55 0.35,55 0.35,55 0.44999999999999996,50 0.35,55 0.35,55 0.35,60 0.44999999999999996,55 0.35,60 0.35,55 0.35,55 0.44999999999999996,50 0.35,55 0.44999999999999996,50 0.35,60 0.35,55 0.44999999999999996,60 
-24-
0.35,50 0.35,55 0.35,50 0.44999999999999996,50 0.44999999999999996,55 0.35,55 0.35,50 0.35,50 0.44999999999999996,55 0.35,50 0.44999999999999996,50 0.35,55 0.44999999999999996,50 0.35,60 0.44999999999999996,55 0.44999999999999996,55 0.35,50 0.44999999999999996,60 0.44999999999999996,55 0.44999999999999996,50 0.35,60 0.35,55 0.44999999999999996,50 0.35,50 0.5499999999999999,50 0.44999999999999996,50 0.44999999999999996,55 0.44999999999999996,55 
-25-
0.35,50 0.35,50 0.44999999999999996,55 0.35,55 0.35,60 0.35,50 0.35,50 0.35,55 0.35,60 0.44999999999999996,55 0.35,50 0.44999999999999996,55 0.35,50 0.44999999999999996,55 0.35,55 0.35,60 0.44999999999999996,50 0.44999999999999996,55 0.44999999999999996,60 0.35,55 
-26-
0.35,55 0.44999999999999996,50 0.44999999999999996,55 0.35,55 0.35,55 0.44999999999999996,50 0.35,60 0.44999999999999996,55 0.35,55 0.44999999999999996,50 0.35,50 0.35,55 0.5499999999999999,55 0.44999999999999996,50 0.35,55 0.5499999999999999,50 0.35,55 0.5499999999999999,55 0.35,60 0.44999999999999996,55 0.35,55 0.44999999999999996,55 
-27-
0.35,55 0.44999999999999996,55 0.35,60 0.44999999999999996,50 0.44999999999999996,50 0.35,60 0.44999999999999996,55 0.35,55 0.35,50 0.35,55 0.5499999999999999,55 0.44999999999999996,50 0.5499999999999999,50 0.44999999999999996,50 0.44999999999999996,55 0.44999999999999996,50 0.5499999999999999,55 0.5499999999999999,50 0.44999999999999996,55 0.44999999999999996,50 0.44999999999999996,60 0.35,50 0.6499999999999999,55 0.44999999999999996,55 0.5499999999999999,55 
-28-
0.44999999999999996,50 0.44999999999999996,55 0.44999999999999996,50 0.44999999999999996,50 0.35,60 0.44999999999999996,55 0.44999999999999996,50 0.35,50 0.35,55 0.35,60 0.5499999999999999,50 0.5499999999999999,50 0.44999999999999996,55 0.5499999999999999,55 0.5499999999999999,50 0.35,60 0.44999999999999996,55 0.35,55 0.44999999999999996,50 0.44999999999999996,50 0.44999999999999996,50 0.44999999999999996,55 0.35,50 0.5499999999999999,55 0.5499999999999999,55 0.44999999999999996,55 
-29-
0.44999999999999996,50 0.44999999999999996,50 0.35,60 0.44999999999999996,55 0.44999999999999996,50 0.35,50 0.35,60 0.5499999999999999,50 0.5499999999999999,50 0.5499999999999999,55 0.5499999999999999,50 0.44999999999999996,50 0.5499999999999999,50 0.5499999999999999,55 0.5499999999999999,50 0.35,60 0.35,60 0.5499999999999999,50 0.5499999999999999,55 0.35,60 0.5499999999999999,55 0.5499999999999999,50 0.5499999999999999,50 
-30-
0.35,60 0.44999999999999996,50 0.35,60 0.44999999999999996,50 0.35,60 0.44999999999999996,50 0.5499999999999999,55 0.5499999999999999,50 0.44999999999999996,55 0.5499999999999999,50 0.5499999999999999,50 0.44999999999999996,50 0.6499999999999999,50 0.35,60 0.44999999999999996,50 0.5499999999999999,50 0.35,65 0.44999999999999996,50 0.5499999999999999,50 0.5499999999999999,50 0.6499999999999999,50 
-31-
0.35,60 0.44999999999999996,50 0.44999999999999996,55 0.5499999999999999,55 0.5499999999999999,50 0.44999999999999996,50 0.5499999999999999,50 0.44999999999999996,55 0.5499999999999999,50 0.6499999999999999,50 0.35,60 0.5499999999999999,50 0.5499999999999999,55 0.44999999999999996,50 0.5499999999999999,55 0.44999999999999996,50 0.35,60 0.44999999999999996,55 0.5499999999999999,55 0.6499999999999999,50 0.5499999999999999,50 0.44999999999999996,50 
-32-
0.35,60 0.44999999999999996,50 0.44999999999999996,55 0.5499999999999999,55 0.5499999999999999,50 0.5499999999999999,55 0.5499999999999999,50 0.44999999999999996,50 0.6499999999999999,50 0.35,60 0.5499999999999999,55 0.44999999999999996,50 0.5499999999999999,55 0.35,60 0.5499999999999999,55 0.35,60 0.35,60 0.44999999999999996,55 0.5499999999999999,50 0.44999999999999996,50 0.5499999999999999,55 0.5499999999999999,55 
-33-
0.35,60 0.44999999999999996,55 0.5499999999999999,55 0.5499999999999999,50 0.5499999999999999,55 0.44999999999999996,50 0.6499999999999999,50 0.5499999999999999,50 0.44999999999999996,50 0.5499999999999999,55 0.44999999999999996,50 0.5499999999999999,50 0.5499999999999999,55 0.5499999999999999,50 0.5499999999999999,55 0.5499999999999999,55 0.6499999999999999,50 0.44999999999999996,50 0.44999999999999996,55 0.5499999999999999,50 0.6499999999999999,50 0.5499999999999999,55 0.5499999999999999,50 0.5499999999999999,50 0.5499999999999999,55 0.44999999999999996,50 
-34-
0.44999999999999996,50 0.44999999999999996,55 0.5499999999999999,50 0.44999999999999996,50 0.6499999999999999,50 0.44999999999999996,50 0.5499999999999999,55 0.44999999999999996,50 0.5499999999999999,55 0.5499999999999999,50 0.5499999999999999,55 0.5499999999999999,55 0.6499999999999999,50 0.44999999999999996,50 0.5499999999999999,55 0.44999999999999996,50 0.44999999999999996,50 0.5499999999999999,55 0.6499999999999999,50 0.44999999999999996,50 0.44999999999999996,50 0.5499999999999999,55 0.5499999999999999,55 0.7499999999999999,50 0.5499999999999999,55 0.6499999999999999,50 
-35-
0.44999999999999996,50 0.5499999999999999,55 0.5499999999999999,55 0.44999999999999996,50 0.44999999999999996,50 0.5499999999999999,55 0.5499999999999999,50 0.5499999999999999,55 0.5499999999999999,50 0.5499999999999999,55 0.5499999999999999,55 0.6499999999999999,50 0.44999999999999996,50 0.44999999999999996,50 0.5499999999999999,55 0.5499999999999999,55 0.44999999999999996,55 0.5499999999999999,50 0.5499999999999999,55 0.5499999999999999,55 0.44999999999999996,50 0.6499999999999999,55 0.5499999999999999,55 0.5499999999999999,60 0.5499999999999999,60 0.6499999999999999,50 0.5499999999999999,55 0.5499999999999999,55 
-36-
0.44999999999999996,50 0.5499999999999999,55 0.5499999999999999,55 0.5499999999999999,55 0.44999999999999996,50 0.5499999999999999,50 0.5499999999999999,50 0.5499999999999999,55 0.5499999999999999,55 0.6499999999999999,50 0.5499999999999999,55 0.44999999999999996,50 0.5499999999999999,55 0.5499999999999999,55 0.5499999999999999,50 0.5499999999999999,50 0.6499999999999999,55 0.44999999999999996,55 0.5499999999999999,50 0.44999999999999996,50 0.44999999999999996,50 0.5499999999999999,55 0.5499999999999999,50 0.5499999999999999,55 0.5499999999999999,55 0.5499999999999999,55 0.6499999999999999,55 
-37-
0.44999999999999996,50 0.5499999999999999,55 0.5499999999999999,55 0.5499999999999999,55 0.5499999999999999,55 0.5499999999999999,50 0.5499999999999999,55 0.5499999999999999,55 0.5499999999999999,55 0.44999999999999996,50 0.5499999999999999,55 0.5499999999999999,50 0.6499999999999999,55 0.5499999999999999,55 0.6499999999999999,55 0.6499999999999999,55 0.44999999999999996,50 0.44999999999999996,50 0.5499999999999999,55 0.5499999999999999,55 0.5499999999999999,60 
-38-
0.44999999999999996,50 0.5499999999999999,55 0.5499999999999999,55 0.5499999999999999,50 0.5499999999999999,55 0.5499999999999999,55 0.5499999999999999,55 0.5499999999999999,55 0.5499999999999999,50 0.6499999999999999,50 0.6499999999999999,55 0.6499999999999999,50 0.5499999999999999,50 0.6499999999999999,55 0.5499999999999999,55 0.5499999999999999,55 0.5499999999999999,55 0.5499999999999999,55 0.5499999999999999,50 0.7499999999999999,55 0.5499999999999999,50 0.5499999999999999,55 
-39-
0.5499999999999999,55 0.5499999999999999,55 0.5499999999999999,55 0.5499999999999999,50 0.6499999999999999,50 0.5499999999999999,55 0.5499999999999999,55 0.5499999999999999,50 0.6499999999999999,50 0.6499999999999999,50 0.5499999999999999,50 0.6499999999999999,55 0.5499999999999999,55 0.5499999999999999,50 0.6499999999999999,50 0.6499999999999999,50 0.6499999999999999,55 0.5499999999999999,55 0.5499999999999999,55 0.5499999999999999,55 0.5499999999999999,50 0.5499999999999999,55 0.7499999999999999,50 0.6499999999999999,55 
-40-
0.5499999999999999,55 0.5499999999999999,55 0.6499999999999999,50 0.6499999999999999,50 0.5499999999999999,55 0.5499999999999999,55 0.6499999999999999,55 0.6499999999999999,50 0.5499999999999999,50 0.5499999999999999,55 0.6499999999999999,55 0.6499999999999999,50 0.6499999999999999,50 0.6499999999999999,55 0.5499999999999999,55 0.5499999999999999,55 0.6499999999999999,55 0.7499999999999999,50 0.5499999999999999,55 0.6499999999999999,50 0.6499999999999999,55 0.5499999999999999,55 0.7499999999999999,50 0.7499999999999999,55 0.8499999999999999,50 
-41-
0.5499999999999999,55 0.5499999999999999,55 0.6499999999999999,50 0.5499999999999999,55 0.5499999999999999,50 0.6499999999999999,55 0.6499999999999999,50 0.6499999999999999,55 0.5499999999999999,55 0.6499999999999999,50 0.6499999999999999,50 0.6499999999999999,55 0.6499999999999999,50 0.6499999999999999,50 0.6499999999999999,55 0.7499999999999999,50 0.6499999999999999,50 0.6499999999999999,50 0.6499999999999999,55 0.6499999999999999,55 0.5499999999999999,55 0.5499999999999999,55 0.6499999999999999,55 0.6499999999999999,55 0.7499999999999999,50 0.6499999999999999,50 0.6499999999999999,55 0.7499999999999999,50 
-42-
0.5499999999999999,55 0.6499999999999999,50 0.5499999999999999,50 0.6499999999999999,50 0.6499999999999999,55 0.6499999999999999,50 0.6499999999999999,50 0.6499999999999999,55 0.6499999999999999,50 0.7499999999999999,50 0.6499999999999999,50 0.6499999999999999,50 0.6499999999999999,55 0.5499999999999999,50 0.6499999999999999,50 0.6499999999999999,55 0.7499999999999999,55 0.7499999999999999,50 0.6499999999999999,50 0.6499999999999999,50 
-43-
0.6499999999999999,50 0.5499999999999999,55 0.6499999999999999,55 0.6499999999999999,50 0.6499999999999999,55 0.6499999999999999,50 0.6499999999999999,50 0.6499999999999999,50 0.6499999999999999,55 0.5499999999999999,55 0.6499999999999999,50 0.6499999999999999,50 0.6499999999999999,50 0.5499999999999999,50 0.6499999999999999,50 0.6499999999999999,60 0.6499999999999999,50 0.5499999999999999,50 0.5499999999999999,55 0.6499999999999999,50 0.7499999999999999,50 0.6499999999999999,55 0.5499999999999999,55 0.6499999999999999,50 0.6499999999999999,50 
-44-
0.6499999999999999,50 0.5499999999999999,55 0.6499999999999999,50 0.6499999999999999,55 0.6499999999999999,50 0.6499999999999999,50 0.6499999999999999,55 0.5499999999999999,55 0.6499999999999999,50 0.6499999999999999,50 0.6499999999999999,50 0.6499999999999999,50 0.6499999999999999,60 0.6499999999999999,50 0.6499999999999999,50 0.6499999999999999,55 0.6499999999999999,50 0.6499999999999999,50 0.6499999999999999,50 0.6499999999999999,60 0.6499999999999999,50 0.6499999999999999,50 0.6499999999999999,50 0.6499999999999999,50 0.6499999999999999,65 0.6499999999999999,50 0.6499999999999999,50 
-45-
0.6499999999999999,50 0.6499999999999999,55 0.6499999999999999,50 0.6499999999999999,50 0.6499999999999999,50 0.6499999999999999,50 0.6499999999999999,55 0.6499999999999999,50 0.6499999999999999,50 0.6499999999999999,50 0.6499999999999999,50 0.6499999999999999,50 0.6499999999999999,55 0.6499999999999999,50 0.6499999999999999,50 0.6499999999999999,50 0.6499999999999999,55 0.7499999999999999,50 0.7499999999999999,50 0.6499999999999999,50 0.6499999999999999,50 0.7499999999999999,55 0.6499999999999999,50 0.6499999999999999,50 0.6499999999999999,50 0.6499999999999999,50 0.6499999999999999,55 0.7499999999999999,50 
-46-
0.6499999999999999,50 0.6499999999999999,55 0.6499999999999999,50 0.6499999999999999,50 0.6499999999999999,55 0.6499999999999999,50 0.6499999999999999,60 0.6499999999999999,55 0.6499999999999999,50 0.6499999999999999,55 0.6499999999999999,55 0.7499999999999999,50 0.7499999999999999,50 0.6499999999999999,50 0.6499999999999999,50 0.6499999999999999,50 0.7499999999999999,50 0.7499999999999999,50 0.7499999999999999,50 0.6499999999999999,55 0.6499999999999999,55 0.7499999999999999,50 
-47-
0.6499999999999999,50 0.6499999999999999,50 0.6499999999999999,50 0.6499999999999999,50 0.6499999999999999,50 0.6499999999999999,50 0.6499999999999999,55 0.6499999999999999,50 0.6499999999999999,55 0.7499999999999999,50 0.6499999999999999,50 0.6499999999999999,50 0.6499999999999999,50 0.6499999999999999,50 0.6499999999999999,50 0.6499999999999999,50 0.6499999999999999,50 0.6499999999999999,50 0.6499999999999999,50 0.6499999999999999,50 0.7499999999999999,50 0.6499999999999999,50 0.6499999999999999,50 
-48-
0.6499999999999999,50 0.6499999999999999,50 0.6499999999999999,50 0.6499999999999999,50 0.6499999999999999,50 0.6499999999999999,55 0.6499999999999999,50 0.7499999999999999,50 0.7499999999999999,50 0.6499999999999999,55 0.6499999999999999,50 0.6499999999999999,50 0.6499999999999999,50 0.6499999999999999,50 0.6499999999999999,50 0.6499999999999999,50 0.6499999999999999,55 0.6499999999999999,50 0.6499999999999999,50 0.6499999999999999,50 0.6499999999999999,55 0.7499999999999999,50 0.6499999999999999,55 0.6499999999999999,50 0.6499999999999999,50 0.6499999999999999,60 
-49-
0.6499999999999999,50 0.6499999999999999,50 0.6499999999999999,50 0.6499999999999999,50 0.6499999999999999,50 0.6499999999999999,55 0.7499999999999999,50 0.6499999999999999,50 0.6499999999999999,55 0.6499999999999999,50 0.6499999999999999,50 0.7499999999999999,50 0.6499999999999999,50 0.6499999999999999,50 0.6499999999999999,55 0.6499999999999999,50 0.6499999999999999,55 0.7499999999999999,50 0.6499999999999999,50 0.6499999999999999,55 0.6499999999999999,50 0.6499999999999999,50 0.6499999999999999,50 0.6499999999999999,50 0.7499999999999999,50 0.6499999999999999,55 
-50-
0.6499999999999999,50 0.6499999999999999,50 0.6499999999999999,50 0.6499999999999999,50 0.6499999999999999,50 0.7499999999999999,50 0.6499999999999999,50 0.6499999999999999,50 0.6499999999999999,50 0.6499999999999999,50 0.6499999999999999,50 0.6499999999999999,50 0.6499999999999999,55 0.6499999999999999,50 0.6499999999999999,50 0.7499999999999999,50 0.6499999999999999,55 0.6499999999999999,50 0.6499999999999999,50 0.6499999999999999,50 0.7499999999999999,50 0.6499999999999999,50 0.7499999999999999,55 0.6499999999999999,50 
-51-
0.6499999999999999,50 0.6499999999999999,50 0.6499999999999999,50 0.6499999999999999,50 0.7499999999999999,50 0.6499999999999999,55 0.7499999999999999,50 0.6499999999999999,55 0.6499999999999999,50 0.6499999999999999,50 0.7499999999999999,50 0.6499999999999999,50 0.6499999999999999,50 0.6499999999999999,50 0.6499999999999999,50 0.6499999999999999,50 0.7499999999999999,50 0.6499999999999999,55 0.8499999999999999,50 0.7499999999999999,50 0.6499999999999999,50 0.6499999999999999,50 