
-2-
0.25,50 0.25,50 0.25,50 0.25,50 0.25,50 0.25,50 0.25,50 0.25,50 0.25,50 0.25,50 0.25,50 0.25,50 0.25,50 0.25,50 0.25,50 0.25,50 0.25,50 0.25,50 0.25,50 0.25,50 0.25,50 0.25,50 0.25,50 0.25,50 0.25,50 0.25,50 0.25,50 0.25,50 0.25,50 0.25,50 0.25,50 0.25,50 0.25,50 0.25,50 0.25,50 0.25,50 0.25,50 0.25,50 0.25,50 0.25,50 0.25,50 0.25,50 0.25,50 0.25,50 0.25,50 0.25,50 0.25,50 0.25,50 0.25,50 0.25,50 0.25,50 0.25,50 0.25,50 0.25,50 0.25,50 0.25,50 0.25,50 0.25,50 0.25,50 0.25,50 0.25,50 0.25,50 0.25,50 0.25,50 0.25,50 0.25,50 0.25,50 0.25,50 0.25,50 0.25,50 0.25,50 0.25,50 0.25,50 0.25,50 0.25,50 0.25,50 0.25,50 0.25,50 0.25,50 0.25,50 0.25,50 0.25,50 0.25,50 0.25,50 0.25,50 0.25,50 0.25,50 0.25,50 0.25,50 0.25,50 0.25,50 0.25,50 0.25,50 0.25,50 0.25,50 0.25,50 0.25,50 0.25,50 0.25,50 0.25,50 
-3-
0.25,50 0.25,50 0.25,50 0.25,50 0.25,50 0.25,50 0.25,50 0.25,50 0.25,50 0.25,50 0.25,50 0.25,50 0.25,50 0.25,50 0.25,50 0.25,50 0.25,50 0.25,50 0.25,50 0.25,50 0.25,50 0.25,50 0.25,50 0.25,50 0.25,50 0.25,50 0.25,50 0.25,50 0.25,50 0.25,50 0.25,50 0.25,50 0.25,50 0.25,50 0.25,50 0.25,50 0.25,50 0.25,50 0.25,50 0.25,50 0.25,50 0.25,50 0.25,50 0.25,50 0.25,50 0.25,50 0.25,50 0.25,50 0.25,50 0.25,50 0.25,50 
-4-
0.25,50 0.25,50 0.25,50 0.25,50 0.25,50 0.25,50 0.25,50 0.25,50 0.25,50 0.25,50 0.25,50 0.25,50 0.25,50 0.25,50 0.25,50 0.25,50 0.25,50 0.25,50 0.25,50 0.25,50 0.25,50 0.25,50 0.25,50 0.25,50 0.25,50 0.25,50 0.25,50 0.25,50 0.25,50 
-5-
0.25,50 0.25,50 0.25,50 0.25,50 0.25,50 0.25,50 0.25,50 0.25,50 0.25,50 0.25,50 0.25,50 0.25,50 0.25,50 0.25,50 0.25,50 0.25,50 0.35,50 0.25,55 
-6-
0.25,50 0.25,50 0.25,50 0.25,50 0.25,50 0.25,50 0.25,50 0.25,50 0.25,50 0.25,50 0.25,50 0.25,50 0.25,50 0.25,50 0.25,50 0.25,50 0.25,50 
-7-
0.25,50 0.25,50 0.25,50 0.25,50 0.25,50 0.25,50 0.25,50 0.25,50 0.25,50 0.25,50 0.25,50 0.25,50 0.25,50 0.25,50 0.25,50 0.25,50 0.35,50 0.25,55 0.25,50 0.25,50 0.35,50 
-8-
0.25,50 0.25,50 0.25,50 0.25,50 0.25,50 0.25,50 0.25,50 0.25,50 0.25,50 0.25,50 0.25,50 0.35,50 0.25,50 0.25,50 0.25,50 0.25,50 0.25,50 0.25,50 0.25,50 0.25,50 
-9-
0.25,50 0.25,50 0.25,50 0.25,50 0.25,50 0.25,50 0.25,50 0.25,50 0.25,50 0.25,50 0.25,50 0.25,50 0.25,50 0.25,50 0.25,50 0.25,50 0.35,50 0.25,50 0.25,50 0.25,50 0.25,50 0.25,50 0.25,50 0.25,50 
-10-
0.25,50 0.25,50 0.25,50 0.25,50 0.25,50 0.25,50 0.25,50 0.25,50 0.25,50 0.25,50 0.25,50 0.25,50 0.25,50 0.25,50 0.25,55 0.25,50 0.25,50 0.25,50 0.25,50 0.25,50 0.25,50 0.25,50 0.25,50 
-11-
0.25,50 0.25,50 0.25,50 0.25,50 0.25,50 0.25,50 0.35,50 0.25,50 0.25,50 0.25,50 0.25,50 0.25,50 0.25,50 0.25,55 0.25,50 0.25,50 0.25,55 0.25,50 0.25,60 0.25,50 0.25,50 0.25,50 0.25,50 0.25,50 0.25,50 0.25,55 0.25,60 
-12-
0.25,50 0.25,50 0.25,50 0.25,50 0.25,50 0.25,50 0.35,50 0.25,50 0.25,50 0.25,50 0.25,55 0.25,50 0.25,50 0.25,50 0.25,60 0.25,50 0.25,50 0.25,50 0.25,50 0.25,50 0.25,50 0.25,50 0.25,50 0.35,55 0.25,50 0.25,60 0.35,50 
-13-
0.25,50 0.25,50 0.25,50 0.25,50 0.35,50 0.25,50 0.25,50 0.25,50 0.25,50 0.25,50 0.35,50 0.25,50 0.25,50 0.25,50 0.25,50 0.25,55 0.25,50 0.25,50 0.25,50 0.35,50 0.35,50 0.25,55 0.25,50 
-14-
0.25,50 0.25,50 0.25,50 0.25,50 0.35,50 0.25,50 0.25,55 0.25,50 0.25,50 0.25,50 0.25,50 0.25,50 0.25,50 0.25,50 0.25,50 0.25,50 0.25,50 0.25,50 0.25,50 0.35,50 0.25,60 0.25,50 0.25,50 
-15-
0.25,50 0.25,50 0.25,50 0.35,50 0.25,50 0.25,55 0.35,50 0.25,50 0.25,50 0.25,50 0.25,50 0.25,50 0.25,50 0.35,50 0.35,50 0.25,50 0.25,50 0.35,50 0.25,55 0.35,50 0.35,50 0.35,50 0.25,50 0.35,50 0.35,50 
-16-
0.25,50 0.25,50 0.25,50 0.35,50 0.25,50 0.35,50 0.25,50 0.25,50 0.25,50 0.25,50 0.35,50 0.25,50 0.35,50 0.35,50 0.25,50 0.25,50 0.25,50 0.25,55 0.35,50 0.35,50 0.25,50 0.25,50 0.35,50 
-17-
0.25,50 0.25,50 0.35,50 0.25,60 0.35,50 0.25,50 0.25,50 0.35,50 0.25,50 0.35,50 0.35,50 0.25,55 0.25,50 0.35,50 0.25,50 0.35,50 0.35,50 0.35,50 0.25,50 0.35,50 0.44999999999999996,50 0.25,50 0.35,50 0.25,50 0.35,50 0.35,50 
-18-
0.25,50 0.25,50 0.35,50 0.25,60 0.35,50 0.25,50 0.35,50 0.25,50 0.35,50 0.25,55 0.25,50 0.25,50 0.35,50 0.35,50 0.25,50 0.25,60 0.35,50 0.25,55 0.35,50 0.25,50 0.35,50 0.35,50 0.25,50 0.35,55 0.25,50 0.35,50 
-19-
0.25,50 0.25,50 0.35,50 0.25,60 0.25,50 0.35,50 0.25,50 0.25,55 0.35,50 0.35,50 0.35,50 0.25,50 0.35,50 0.35,50 0.35,50 0.25,50 0.35,50 0.35,50 0.35,50 0.25,50 0.35,50 0.35,55 0.35,50 0.35,50 0.35,50 
-20-
0.25,50 0.25,50 0.35,50 0.25,50 0.35,50 0.25,55 0.35,50 0.35,50 0.25,50 0.35,50 0.35,50 0.25,60 0.35,50 0.25,50 0.35,50 0.35,50 0.35,50 0.25,50 0.35,55 0.35,50 0.35,50 0.25,50 
-21-
0.25,50 0.35,50 0.35,50 0.35,50 0.35,50 0.25,55 0.35,50 0.35,50 0.35,50 0.35,50 0.25,55 0.25,50 0.35,50 0.35,50 0.35,50 0.25,55 0.35,50 0.35,50 0.44999999999999996,50 0.35,50 0.25,60 0.35,50 0.35,50 0.35,50 
-22-
0.25,50 0.35,50 0.35,50 0.25,55 0.25,50 0.35,50 0.35,50 0.35,50 0.35,50 0.35,50 0.35,50 0.35,50 0.25,50 0.25,50 0.44999999999999996,50 0.35,50 0.35,50 0.25,50 0.35,50 0.35,50 0.35,50 
-22-21-100-
