
-2-
0.25,50 0.25,50 0.25,50 0.25,50 0.25,50 0.25,50 0.25,50 0.25,50 0.25,50 0.25,50 0.25,50 0.25,50 0.25,50 0.25,50 0.25,50 0.25,50 0.25,50 0.25,50 0.25,50 0.25,50 0.25,50 0.25,50 0.25,50 0.25,50 0.25,50 0.25,50 0.25,50 0.25,50 
-3-
0.25,50 0.25,50 0.25,50 0.25,50 0.25,50 0.25,50 0.25,50 0.25,50 0.25,50 0.25,50 0.25,50 0.25,50 0.25,50 0.25,50 0.25,50 0.25,50 0.25,50 0.25,50 0.25,55 0.25,50 0.25,55 0.25,50 0.25,50 
-4-
0.25,50 0.25,50 0.25,50 0.25,50 0.25,50 0.25,50 0.25,50 0.25,50 0.25,50 0.25,50 0.25,50 0.25,50 0.25,50 0.25,50 0.25,50 0.25,50 0.25,50 0.25,50 0.25,50 0.25,50 0.25,50 0.25,50 0.25,50 
-5-
0.25,50 0.25,50 0.25,50 0.25,50 0.25,50 0.25,50 0.25,50 0.25,50 0.25,50 0.25,50 0.25,50 0.25,50 0.25,50 0.25,50 0.25,50 0.25,50 0.35,50 0.25,50 0.35,50 0.25,50 0.25,50 0.25,50 0.25,50 0.25,50 0.25,55 
-6-
0.25,50 0.25,50 0.25,50 0.25,50 0.25,50 0.25,50 0.25,50 0.25,50 0.25,50 0.25,50 0.25,50 0.25,50 0.25,50 0.25,50 0.25,50 0.25,50 0.25,50 0.25,50 0.25,50 0.25,50 0.25,55 0.25,50 0.25,50 0.25,50 
-7-
0.25,50 0.25,50 0.25,50 0.25,50 0.25,50 0.25,50 0.25,50 0.25,50 0.25,50 0.25,50 0.25,50 0.25,50 0.25,50 0.25,50 0.25,50 0.25,50 0.25,50 0.25,55 0.25,55 0.25,50 0.25,50 0.25,50 0.35,50 0.25,50 0.25,55 0.25,50 0.35,50 0.25,50 0.25,55 
-8-
0.25,50 0.25,50 0.25,50 0.25,50 0.25,50 0.25,50 0.25,50 0.25,50 0.25,50 0.25,50 0.25,50 0.25,50 0.25,50 0.35,50 0.25,55 0.25,50 0.25,50 0.25,55 0.35,50 0.25,50 0.25,55 0.25,50 0.25,50 0.35,50 0.25,50 0.25,50 
-9-
0.25,50 0.25,50 0.25,50 0.25,50 0.25,50 0.25,50 0.25,50 0.25,50 0.35,50 0.25,50 0.35,50 0.25,50 0.25,50 0.25,50 0.25,50 0.25,50 0.25,50 0.25,50 0.44999999999999996,50 0.25,50 0.25,50 0.25,50 0.25,50 0.25,55 0.25,50 0.44999999999999996,50 
-10-
0.25,50 0.25,50 0.25,50 0.25,50 0.25,50 0.35,50 0.25,50 0.35,50 0.25,50 0.25,50 0.25,50 0.25,50 0.25,50 0.44999999999999996,50 0.35,50 0.35,55 0.35,50 0.25,55 0.25,50 0.25,50 0.25,50 0.25,50 0.25,50 0.35,50 0.35,50 
-11-
0.25,50 0.25,50 0.25,50 0.25,50 0.35,50 0.25,50 0.35,50 0.25,50 0.25,50 0.25,50 0.44999999999999996,50 0.35,50 0.35,55 0.35,50 0.35,50 0.35,50 0.25,50 0.5499999999999999,50 0.35,60 0.25,55 0.35,50 0.25,55 0.44999999999999996,50 0.35,55 0.25,50 
-12-
0.25,50 0.25,50 0.35,50 0.25,50 0.25,50 0.25,50 0.44999999999999996,50 0.35,50 0.35,55 0.25,50 0.35,50 0.35,50 0.5499999999999999,50 0.25,50 0.25,55 0.25,50 0.35,50 0.5499999999999999,50 0.25,50 0.44999999999999996,50 0.35,55 0.35,50 0.25,55 0.5499999999999999,50 
-12-23-100-
