
-2-
0.25,50 0.25,50 0.25,50 0.25,50 0.25,50 0.25,50 0.25,50 0.25,50 0.25,50 0.25,50 0.25,50 0.25,50 0.25,50 0.25,50 0.25,50 0.25,50 0.25,50 0.25,50 0.25,50 0.25,50 0.25,50 0.25,50 0.25,50 0.25,50 0.25,50 0.25,50 0.25,50 0.25,50 0.25,50 0.25,50 0.25,50 0.25,50 0.25,50 0.25,50 0.25,50 0.25,50 0.25,50 0.25,50 0.25,50 0.25,50 0.25,50 0.25,50 0.25,50 0.25,50 0.25,50 0.25,50 0.25,50 0.25,50 0.25,50 0.25,50 
-3-
0.25,50 0.25,50 0.25,50 0.25,50 0.25,50 0.25,50 0.25,50 0.25,50 0.25,50 0.25,50 0.25,50 0.25,50 0.25,50 0.25,50 0.25,50 0.25,50 0.25,50 0.25,50 0.25,50 0.25,50 0.25,50 0.25,50 0.25,50 0.25,50 0.25,50 0.25,50 0.25,50 0.25,50 0.25,50 
-4-
0.25,50 0.25,50 0.25,50 0.25,50 0.25,50 0.25,50 0.25,50 0.25,50 0.25,50 0.25,50 0.25,50 0.25,50 0.25,50 0.25,50 0.25,50 0.25,50 0.25,50 0.25,50 0.25,50 0.25,50 0.25,50 0.25,50 0.25,50 0.25,50 
-5-
0.25,50 0.25,50 0.25,50 0.25,50 0.25,50 0.25,50 0.25,50 0.25,50 0.25,50 0.25,50 0.25,50 0.25,50 0.25,50 0.25,50 0.25,50 0.25,50 0.25,50 0.25,50 0.25,55 0.25,50 
-6-
0.25,50 0.25,50 0.25,50 0.25,50 0.25,50 0.25,50 0.25,50 0.25,50 0.25,50 0.25,55 0.25,50 0.25,50 0.25,50 0.25,55 0.25,50 0.25,50 0.25,50 
-7-
0.25,50 0.25,50 0.25,50 0.25,50 0.25,50 0.25,50 0.25,50 0.25,50 0.25,55 0.25,50 0.25,50 0.25,50 0.25,50 0.25,55 0.25,50 0.25,50 0.25,50 0.25,50 0.25,50 0.25,50 
-8-
0.25,50 0.25,50 0.25,50 0.25,50 0.25,50 0.25,50 0.25,50 0.25,50 0.25,50 0.25,50 0.25,55 0.25,50 0.25,50 0.25,50 0.25,50 0.25,50 0.25,50 0.35,50 0.25,50 0.25,50 
-9-
0.25,50 0.25,50 0.25,50 0.25,50 0.25,50 0.25,50 0.25,50 0.25,50 0.25,50 0.25,50 0.25,50 0.25,60 0.25,50 0.25,50 0.25,50 0.35,50 0.35,50 0.25,50 0.25,55 0.25,50 0.25,60 0.25,55 
-10-
0.25,50 0.25,50 0.25,50 0.25,50 0.25,50 0.25,50 0.25,50 0.25,50 0.25,60 0.25,50 0.25,50 0.25,50 0.25,50 0.25,50 0.25,50 0.25,50 0.25,50 0.25,50 0.25,50 0.25,50 0.25,55 
-11-
0.25,50 0.25,50 0.25,50 0.25,50 0.25,50 0.25,50 0.25,50 0.25,50 0.25,60 0.25,50 0.35,50 0.25,50 0.25,50 0.35,50 0.25,50 0.25,50 0.25,60 0.35,50 0.25,50 0.35,50 0.25,50 0.25,50 0.35,50 0.25,50 0.25,50 0.25,50 0.25,60 0.25,50 
-12-
0.25,50 0.25,50 0.25,50 0.25,50 0.25,50 0.25,50 0.25,50 0.25,50 0.35,50 0.25,50 0.25,50 0.25,50 0.35,50 0.25,50 0.25,50 0.25,50 0.35,50 0.44999999999999996,50 0.25,50 0.25,50 0.25,50 0.35,50 
-13-
0.25,50 0.25,50 0.25,50 0.25,50 0.25,50 0.25,50 0.25,50 0.35,50 0.25,50 0.35,50 0.25,50 0.35,50 0.35,50 0.25,50 0.25,50 0.25,50 0.25,50 0.25,50 0.25,50 0.35,50 0.35,50 0.25,55 
-14-
0.25,50 0.25,50 0.25,50 0.25,50 0.25,50 0.25,50 0.35,50 0.25,60 0.25,50 0.35,50 0.25,50 0.25,50 0.35,50 0.35,50 0.25,55 0.25,50 0.25,50 0.25,50 0.25,50 0.25,55 
-15-
0.25,50 0.25,50 0.25,50 0.25,50 0.25,50 0.35,50 0.25,50 0.35,50 0.25,50 0.25,50 0.25,50 0.25,55 0.25,50 0.25,50 0.35,50 0.25,50 0.25,50 0.25,55 0.35,50 0.25,50 0.25,55 0.25,50 0.25,50 
-16-
0.25,50 0.25,50 0.25,50 0.25,50 0.35,50 0.25,50 0.25,50 0.25,50 0.35,50 0.25,55 0.25,50 0.25,50 0.35,50 0.25,50 0.25,50 0.35,50 0.35,50 0.25,50 0.25,50 0.25,50 0.25,50 0.25,50 0.35,50 0.25,50 0.35,55 0.25,50 0.44999999999999996,50 
-17-
0.25,50 0.25,50 0.35,50 0.35,50 0.25,50 0.35,50 0.25,50 0.35,50 0.25,50 0.35,50 0.25,50 0.35,50 0.35,55 0.35,55 0.25,50 0.44999999999999996,50 0.25,50 0.25,50 0.35,50 0.35,55 0.25,50 
-18-
0.25,50 0.25,50 0.35,50 0.25,50 0.25,50 0.35,50 0.35,50 0.25,50 0.25,55 0.35,55 0.25,50 0.44999999999999996,50 0.25,50 0.35,55 0.25,50 0.25,50 0.35,50 0.25,60 0.25,50 0.25,50 
-19-
0.25,50 0.35,50 0.35,50 0.25,55 0.25,50 0.35,50 0.25,50 0.25,55 0.35,55 0.25,50 0.44999999999999996,50 0.25,50 0.44999999999999996,55 0.35,50 0.35,50 0.44999999999999996,55 0.5499999999999999,50 0.35,55 0.25,50 0.35,50 0.25,50 0.25,55 0.25,50 0.44999999999999996,55 0.35,50 0.5499999999999999,50 
-20-
0.25,50 0.35,50 0.25,50 0.35,50 0.25,50 0.35,55 0.25,50 0.35,55 0.35,50 0.35,50 0.44999999999999996,55 0.5499999999999999,50 0.35,50 0.25,55 0.35,55 0.44999999999999996,50 0.35,55 0.35,55 0.44999999999999996,50 0.35,50 0.44999999999999996,55 0.35,55 
-21-
0.35,50 0.25,55 0.25,50 0.35,50 0.25,55 0.44999999999999996,50 0.44999999999999996,55 0.35,50 0.35,50 0.44999999999999996,55 0.35,50 0.25,50 0.44999999999999996,50 0.44999999999999996,55 0.25,50 0.35,50 0.35,50 0.35,50 0.25,50 0.44999999999999996,50 0.35,55 0.35,50 0.44999999999999996,55 
-22-
0.35,50 0.25,55 0.35,50 0.44999999999999996,50 0.44999999999999996,55 0.35,50 0.35,50 0.35,55 0.44999999999999996,50 0.44999999999999996,55 0.35,50 0.25,55 0.35,50 0.44999999999999996,55 0.35,50 0.35,50 0.44999999999999996,50 0.35,55 0.25,55 0.44999999999999996,55 
-23-
0.35,50 0.25,50 0.44999999999999996,50 0.35,50 0.35,55 0.35,50 0.35,55 0.44999999999999996,50 0.35,60 0.44999999999999996,50 0.25,55 0.44999999999999996,55 0.35,50 0.44999999999999996,50 0.35,50 0.35,50 0.44999999999999996,50 0.35,50 0.44999999999999996,50 0.44999999999999996,50 0.35,50 
-24-
0.35,50 0.35,55 0.44999999999999996,50 0.35,50 0.35,50 0.35,55 0.44999999999999996,50 0.35,60 0.44999999999999996,50 0.35,50 0.44999999999999996,50 0.35,50 0.35,50 0.44999999999999996,50 0.35,55 0.44999999999999996,60 0.44999999999999996,50 0.35,50 0.44999999999999996,50 0.35,55 0.35,60 0.35,50 0.35,50 0.44999999999999996,65 
-25-
0.35,50 0.44999999999999996,50 0.35,55 0.35,50 0.35,55 0.44999999999999996,50 0.44999999999999996,50 0.35,50 0.44999999999999996,50 0.35,50 0.44999999999999996,55 0.35,55 0.44999999999999996,50 0.35,55 0.35,50 0.44999999999999996,50 0.5499999999999999,50 0.44999999999999996,55 0.35,55 0.44999999999999996,50 0.44999999999999996,50 0.35,50 0.44999999999999996,55 0.35,50 0.44999999999999996,50 0.35,50 0.5499999999999999,50 0.35,55 
-26-
0.35,55 0.44999999999999996,50 0.35,50 0.35,60 0.44999999999999996,50 0.35,50 0.35,50 0.44999999999999996,55 0.44999999999999996,60 0.44999999999999996,50 0.35,55 0.44999999999999996,50 0.5499999999999999,50 0.44999999999999996,55 0.44999999999999996,50 0.35,55 0.44999999999999996,55 0.35,55 0.44999999999999996,55 0.44999999999999996,50 0.35,60 0.35,50 0.44999999999999996,60 0.44999999999999996,50 0.44999999999999996,55 
-27-
0.35,55 0.35,55 0.35,55 0.44999999999999996,50 0.44999999999999996,50 0.35,50 0.44999999999999996,60 0.44999999999999996,50 0.44999999999999996,50 0.5499999999999999,50 0.35,55 0.35,50 0.44999999999999996,50 0.44999999999999996,55 0.35,55 0.5499999999999999,50 0.44999999999999996,50 0.5499999999999999,55 0.5499999999999999,55 0.35,55 0.44999999999999996,50 0.44999999999999996,50 0.44999999999999996,50 0.35,55 0.5499999999999999,55 
-28-
0.35,55 0.35,60 0.44999999999999996,50 0.44999999999999996,55 0.44999999999999996,60 0.44999999999999996,50 0.35,55 0.44999999999999996,55 0.44999999999999996,50 0.35,55 0.44999999999999996,50 0.44999999999999996,55 0.5499999999999999,60 0.35,55 0.44999999999999996,55 0.44999999999999996,50 0.44999999999999996,50 0.35,60 0.5499999999999999,60 0.44999999999999996,55 
-29-
0.35,55 0.44999999999999996,50 0.44999999999999996,50 0.44999999999999996,55 0.35,55 0.35,55 0.44999999999999996,55 0.44999999999999996,55 0.5499999999999999,55 0.44999999999999996,50 0.35,55 0.44999999999999996,50 0.44999999999999996,55 0.44999999999999996,55 0.44999999999999996,50 0.35,55 0.44999999999999996,50 0.44999999999999996,55 0.5499999999999999,55 0.44999999999999996,55 
-30-
0.35,55 0.44999999999999996,50 0.35,50 0.35,55 0.44999999999999996,55 0.44999999999999996,55 0.5499999999999999,55 0.5499999999999999,60 0.44999999999999996,55 0.44999999999999996,50 0.44999999999999996,55 0.35,55 0.44999999999999996,50 0.35,55 0.44999999999999996,55 0.44999999999999996,50 0.44999999999999996,50 0.35,55 0.5499999999999999,55 0.44999999999999996,55 0.44999999999999996,55 0.35,55 
-31-
0.44999999999999996,50 0.35,50 0.35,55 0.44999999999999996,55 0.44999999999999996,55 0.5499999999999999,55 0.5499999999999999,60 0.44999999999999996,55 0.44999999999999996,50 0.44999999999999996,55 0.44999999999999996,50 0.35,55 0.44999999999999996,50 0.44999999999999996,60 0.5499999999999999,60 0.35,55 0.44999999999999996,55 0.35,55 0.5499999999999999,55 0.5499999999999999,55 0.44999999999999996,60 0.44999999999999996,50 0.35,55 
-32-
0.44999999999999996,50 0.35,50 0.35,55 0.44999999999999996,55 0.5499999999999999,55 0.5499999999999999,60 0.44999999999999996,55 0.44999999999999996,50 0.35,55 0.44999999999999996,50 0.44999999999999996,55 0.35,50 0.44999999999999996,60 0.44999999999999996,50 0.35,55 0.35,55 0.44999999999999996,60 0.5499999999999999,60 0.44999999999999996,50 0.44999999999999996,60 0.44999999999999996,55 0.35,50 0.5499999999999999,55 0.44999999999999996,55 0.35,55 0.44999999999999996,55 0.44999999999999996,65 0.35,55 0.5499999999999999,60 0.44999999999999996,60 
-33-
0.44999999999999996,50 0.35,50 0.44999999999999996,55 0.5499999999999999,55 0.5499999999999999,60 0.44999999999999996,55 0.44999999999999996,50 0.44999999999999996,50 0.35,50 0.44999999999999996,50 0.44999999999999996,55 0.35,55 0.5499999999999999,60 0.44999999999999996,50 0.44999999999999996,60 0.35,60 0.44999999999999996,50 0.35,50 0.44999999999999996,60 0.44999999999999996,55 0.5499999999999999,60 0.5499999999999999,55 0.44999999999999996,55 0.44999999999999996,55 