
-2-
0.25,50 0.25,50 0.25,50 
-3-
0.25,50 0.25,50 0.25,50 
-4-
0.25,50 0.25,50 0.25,50 0.25,50 0.25,50 
-5-
0.25,50 0.25,50 0.25,50 0.35,50 0.25,50 0.25,50 
-6-
0.25,50 0.25,50 0.25,50 0.35,50 0.25,50 0.44999999999999996,50 0.25,50 0.25,50 0.25,50 
-7-
0.25,50 0.25,50 0.25,50 0.35,50 0.25,50 0.44999999999999996,50 0.25,50 0.35,50 0.44999999999999996,50 0.25,50 0.25,55 0.25,50 0.25,50 0.44999999999999996,50 
-8-
0.25,50 0.25,50 0.25,50 0.35,50 0.25,50 0.44999999999999996,50 0.25,50 0.35,50 0.44999999999999996,50 0.25,50 0.35,50 0.44999999999999996,50 0.44999999999999996,50 0.25,50 0.25,50 0.25,50 0.25,55 0.44999999999999996,50 0.35,50 0.5499999999999999,50 
-9-
0.25,50 0.25,50 0.35,50 0.25,50 0.44999999999999996,50 0.25,50 0.44999999999999996,50 0.25,50 0.35,50 0.44999999999999996,50 0.44999999999999996,50 0.25,55 0.44999999999999996,50 0.35,50 0.25,50 0.44999999999999996,50 0.25,50 0.25,50 0.44999999999999996,55 0.35,50 0.44999999999999996,50 0.35,50 0.44999999999999996,50 
-10-
0.25,50 0.25,50 0.35,50 0.25,50 0.35,50 0.44999999999999996,50 0.25,50 0.35,50 0.44999999999999996,50 0.44999999999999996,50 0.35,50 0.35,50 0.25,50 0.35,50 0.44999999999999996,50 0.25,55 0.5499999999999999,50 0.25,50 0.25,50 0.35,50 0.25,50 0.44999999999999996,50 0.35,50 0.44999999999999996,50 
-11-
0.25,50 0.35,50 0.44999999999999996,50 0.35,50 0.44999999999999996,50 0.25,50 0.44999999999999996,50 0.44999999999999996,50 0.44999999999999996,50 0.35,50 0.35,50 0.5499999999999999,50 0.5499999999999999,50 0.35,50 0.44999999999999996,50 0.5499999999999999,50 0.44999999999999996,55 0.44999999999999996,50 0.5499999999999999,50 0.44999999999999996,50 0.35,50 0.44999999999999996,50 0.44999999999999996,50 0.5499999999999999,50 0.44999999999999996,50 0.5499999999999999,50 
-12-
0.25,50 0.44999999999999996,50 0.35,50 0.44999999999999996,50 0.44999999999999996,50 0.44999999999999996,50 0.44999999999999996,50 0.44999999999999996,50 0.5499999999999999,50 0.5499999999999999,50 0.35,50 0.35,50 0.44999999999999996,50 0.5499999999999999,50 0.44999999999999996,50 0.44999999999999996,50 0.5499999999999999,50 0.35,50 0.44999999999999996,55 0.5499999999999999,50 0.44999999999999996,50 0.44999999999999996,50 0.5499999999999999,50 0.5499999999999999,50 0.5499999999999999,50 
-13-
0.35,50 0.44999999999999996,50 0.35,50 0.35,50 0.44999999999999996,50 0.44999999999999996,50 0.5499999999999999,50 0.5499999999999999,50 0.44999999999999996,50 0.44999999999999996,55 0.5499999999999999,50 0.44999999999999996,50 0.5499999999999999,50 0.5499999999999999,50 0.44999999999999996,50 0.5499999999999999,50 0.44999999999999996,50 0.35,50 0.35,50 0.35,50 0.5499999999999999,50 0.44999999999999996,50 0.6499999999999999,50 0.35,50 
-14-
0.35,50 0.44999999999999996,50 0.35,50 0.44999999999999996,50 0.44999999999999996,50 0.44999999999999996,50 0.5499999999999999,50 0.5499999999999999,50 0.44999999999999996,50 0.5499999999999999,50 0.35,50 0.35,50 0.5499999999999999,50 0.44999999999999996,50 0.35,50 0.44999999999999996,55 0.5499999999999999,50 0.44999999999999996,50 0.44999999999999996,55 0.44999999999999996,50 0.44999999999999996,50 0.5499999999999999,50 0.5499999999999999,50 0.5499999999999999,55 
-15-
0.35,50 0.35,50 0.44999999999999996,50 0.44999999999999996,50 0.44999999999999996,50 0.5499999999999999,50 0.5499999999999999,50 0.44999999999999996,50 0.44999999999999996,50 0.35,50 0.5499999999999999,50 0.44999999999999996,50 0.44999999999999996,55 0.5499999999999999,50 0.5499999999999999,50 0.35,50 0.44999999999999996,50 0.5499999999999999,55 0.5499999999999999,50 0.35,50 0.44999999999999996,50 0.5499999999999999,50 0.44999999999999996,55 0.5499999999999999,50 0.44999999999999996,60 0.5499999999999999,50 0.5499999999999999,55 
-16-
0.44999999999999996,50 0.44999999999999996,50 0.44999999999999996,50 0.5499999999999999,50 0.44999999999999996,50 0.5499999999999999,50 0.5499999999999999,50 0.44999999999999996,50 0.44999999999999996,55 0.5499999999999999,50 0.35,50 0.35,50 0.44999999999999996,50 0.5499999999999999,50 0.44999999999999996,50 0.44999999999999996,50 0.5499999999999999,50 0.44999999999999996,50 0.5499999999999999,50 0.5499999999999999,50 0.5499999999999999,50 0.44999999999999996,50 0.5499999999999999,50 
-17-
0.35,50 0.5499999999999999,50 0.5499999999999999,50 0.44999999999999996,50 0.5499999999999999,50 0.44999999999999996,50 0.5499999999999999,50 0.44999999999999996,50 0.5499999999999999,50 0.5499999999999999,50 0.44999999999999996,50 0.5499999999999999,50 0.44999999999999996,50 0.5499999999999999,50 0.44999999999999996,55 0.5499999999999999,55 0.44999999999999996,50 0.44999999999999996,50 0.5499999999999999,50 0.5499999999999999,50 0.44999999999999996,50 0.5499999999999999,50 0.5499999999999999,50 0.5499999999999999,55 0.44999999999999996,50 
-18-
0.44999999999999996,50 0.5499999999999999,50 0.5499999999999999,50 0.5499999999999999,50 0.5499999999999999,50 0.44999999999999996,50 0.44999999999999996,55 0.5499999999999999,50 0.44999999999999996,50 0.5499999999999999,50 0.44999999999999996,50 0.44999999999999996,55 0.44999999999999996,50 0.5499999999999999,50 0.6499999999999999,50 0.5499999999999999,50 0.44999999999999996,60 0.44999999999999996,50 0.5499999999999999,50 0.44999999999999996,50 0.5499999999999999,50 0.5499999999999999,50 0.6499999999999999,50 
-19-
0.5499999999999999,50 0.5499999999999999,50 0.5499999999999999,50 0.5499999999999999,50 0.5499999999999999,50 0.44999999999999996,50 0.44999999999999996,55 0.5499999999999999,50 0.5499999999999999,50 0.5499999999999999,50 0.5499999999999999,55 0.44999999999999996,50 0.6499999999999999,50 0.44999999999999996,60 0.5499999999999999,50 0.5499999999999999,55 0.44999999999999996,50 0.5499999999999999,50 0.44999999999999996,60 0.5499999999999999,55 0.5499999999999999,50 0.5499999999999999,50 0.5499999999999999,50 0.5499999999999999,55 0.5499999999999999,55 0.5499999999999999,50 
-19-25-100-+
